1.000000000000000000e+00
5.184195417881497514e-01
3.690957184860719775e-01
2.936847287860541167e-01
2.486121573794554673e-01
2.194464468077221009e-01
1.994838805419663352e-01
1.852190569098480233e-01
1.746628636450487104e-01
1.665948668595456095e-01
1.602413171439470985e-01
1.551284977560168643e-01
1.509357531362272575e-01
1.474444649264193552e-01
1.444850527504421001e-01
1.419434506491566717e-01
1.397366077818584795e-01
1.378026511357983430e-01
1.360907885853399613e-01
1.345614863741493583e-01
1.331850233406343675e-01
1.319419542565262449e-01
1.308098727992693111e-01
1.297750492251376342e-01
1.288270619723886901e-01
1.279548442313543644e-01
1.271466855015316033e-01
1.263957021926910840e-01
1.256951237187036718e-01
1.250396021105268651e-01
1.244242135042233494e-01
1.238450022168036124e-01
1.232996312586176341e-01
1.227836569775148240e-01
1.222935720164874812e-01
1.218278211509991604e-01
1.213853118621658206e-01
1.209654572006347295e-01
1.205651290736360626e-01
1.201835166630100121e-01
1.198179717861953264e-01
1.194676096696447309e-01
1.191324019071312162e-01
1.188109390944769861e-01
1.185020633571659820e-01
1.182036583216441727e-01
1.179158494605173080e-01
1.176377203450420655e-01
1.173689821593193044e-01
1.171107609218951795e-01
1.168613079555205353e-01
1.166198666980609172e-01
1.163864857872092401e-01
1.161603769673183045e-01
1.159420705025115683e-01
1.157319447409358160e-01
1.155280186713810719e-01
1.153296935432703146e-01
1.151370237716577427e-01
1.149495765659486329e-01
1.147675024679590816e-01
1.145906525956054273e-01
1.144188697684598022e-01
1.142521554365120429e-01
1.140899756411398736e-01
1.139319147246950215e-01
1.137775795413397961e-01
1.136271609880915301e-01
1.134805065194642582e-01
1.133375642651059528e-01
1.131977794434972234e-01
1.130613122923574410e-01
1.129278287211439441e-01
1.127977898954558716e-01
1.126711619166768236e-01
1.125474638058416021e-01
1.124265466084858195e-01
1.123080127763617098e-01
1.121920966220216476e-01
1.120784981466482061e-01
1.119675014789894701e-01
1.118590377823692195e-01
1.117527784986680067e-01
1.116488497333673058e-01
1.115468880119506317e-01
1.114465475549687168e-01
1.113480278929733086e-01
1.112514701790257993e-01
1.111565653523070296e-01
1.110635571554530049e-01
1.109723072575796443e-01
1.108829478941710939e-01
1.107949823753093255e-01
1.107086493621970286e-01
1.106237150572451505e-01
1.105404122624993324e-01
1.104585291469731972e-01
1.103777143031267893e-01
1.102981122863093411e-01
1.102198055999735749e-01
