1.000000000000000000e+00
4.960900571771850731e-01
3.473988815394698504e-01
2.733375023540258741e-01
2.300796307355077175e-01
2.026108959488041039e-01
1.841199678222958658e-01
1.710813657088738060e-01
1.615238749087238579e-01
1.542645072623807512e-01
1.485877612888928945e-01
1.440329779701423063e-01
1.402994571212029806e-01
1.371861645316704015e-01
1.345470164923351086e-01
1.322791370857664406e-01
1.303073920670949903e-01
1.285769289298831219e-01
1.270383149504202835e-01
1.256605750147954392e-01
1.244168709488171903e-01
1.232891608910297587e-01
1.222622562973735283e-01
1.213215910063391023e-01
1.204562881517942385e-01
1.196572909076157598e-01
1.189156708071771457e-01
1.182250138495177655e-01
1.175803062226247475e-01
1.169748595338757219e-01
1.164056439351434796e-01
1.158703221871500155e-01
1.153653411855160571e-01
1.148882061113300351e-01
1.144356224689072055e-01
1.140056459342107115e-01
1.135976312133935712e-01
1.132091993356271059e-01
1.128386924702963756e-01
1.124851831914403938e-01
1.121466606815352124e-01
1.118221584031541399e-01
1.115112468549008251e-01
1.112126428345246443e-01
1.109252548521575399e-01
1.106476971723173303e-01
1.103805835915072087e-01
1.101232525239435045e-01
1.098747888715996823e-01
1.096353223261867793e-01
1.094041997974256747e-01
1.091807153442432704e-01
1.089639350819415486e-01
1.087541031752963100e-01
1.085510338754534648e-01
1.083550404379410859e-01
1.081648002480776055e-01
1.079799336115465497e-01
1.078004257302748320e-01
1.076261150304909375e-01
1.074565486446162760e-01
1.072915968370740936e-01
1.071306953899748282e-01
1.069743515890486801e-01
1.068221047357624104e-01
1.066738586106621423e-01
1.065292195566650557e-01
1.063880682001030753e-01
1.062503162466424678e-01
1.061159256544172980e-01
1.059845472889933832e-01
1.058560790532974832e-01
1.057304000696753787e-01
1.056077824529470521e-01
1.054881301941460736e-01
1.053711347852817337e-01
1.052566923580151304e-01
1.051445770860947315e-01
1.050347165516576087e-01
1.049269869658997767e-01
1.048214820216276794e-01
1.047184256909748923e-01
1.046175670771188199e-01
1.045189076660535260e-01
1.044219148492015192e-01
1.043266858358460614e-01
1.042335715141098351e-01
1.041424777930754081e-01
1.040528386110346482e-01
1.039648739401444200e-01
1.038786017050103011e-01
1.037938211151079038e-01
1.037104036500167276e-01
1.036284438453286827e-01
1.035479442234402553e-01
1.034689859404140932e-01
1.033913528899413486e-01
1.033148930383807895e-01
1.032394888849362952e-01
1.031651134569500777e-01
