1.000000000000000000e+00
5.147890799987067112e-01
3.682750423983970900e-01
2.937069497960680953e-01
2.489190487171573651e-01
2.197749612857556323e-01
1.997888644265951863e-01
1.855046038503208594e-01
1.749144027564064618e-01
1.667773566203377966e-01
1.603722026948018187e-01
1.552213586644455301e-01
1.509909596069697046e-01
1.474659048244653381e-01
1.444739450362600985e-01
1.419102740179615241e-01
1.396854180795848166e-01
1.377349610051008810e-01
1.360039634453008850e-01
1.344588004194692266e-01
1.330719757385689928e-01
1.318216529301966811e-01
1.306838312050140061e-01
1.296434185578697607e-01
1.286891204029844415e-01
1.278078853456063868e-01
1.269916990336403817e-01
1.262333064047943820e-01
1.255261824287094152e-01
1.248633551352912319e-01
1.242412692360834181e-01
1.236587604925303008e-01
1.231118472585529811e-01
1.225946520371666570e-01
1.221034041278140081e-01
1.216386917995769951e-01
1.211973601657798383e-01
1.207781239431322956e-01
1.203792137681256313e-01
1.199987809156254220e-01
1.196354245815966361e-01
1.192878964997511892e-01
1.189539983713922000e-01
1.186327742926028550e-01
1.183236620340014644e-01
1.180266965581975580e-01
1.177409465940057742e-01
1.174661830437720572e-01
1.172013408487517505e-01
1.169461658950208122e-01
1.167000328471711063e-01
1.164625620961516617e-01
1.162328295857145005e-01
1.160104667883174040e-01
1.157952563055267142e-01
1.155873132695705852e-01
1.153859514163458888e-01
1.151905368016973713e-01
1.150001596942911292e-01
1.148154153030636060e-01
1.146362312762713165e-01
1.144611373835813933e-01
1.142913354714271829e-01
1.141258440191373208e-01
1.139654236996609782e-01
1.138095568085707027e-01
1.136576077095503567e-01
1.135090677773250289e-01
1.133639313743367710e-01
1.132221657022584732e-01
1.130841374087232232e-01
1.129490813872694732e-01
1.128167739799730146e-01
1.126878060275777749e-01
1.125613423143210501e-01
1.124377873963668534e-01
1.123168045841449608e-01
1.121984511940302409e-01
1.120826986886751392e-01
1.119695422387944062e-01
1.118585997591353826e-01
1.117497234628369585e-01
1.116435562379214375e-01
1.115392631144867946e-01
1.114367621720185608e-01
1.113363086729546314e-01
1.112379719537835432e-01
1.111417705526838579e-01
1.110470711570225866e-01
1.109542991138529888e-01
1.108634047118813026e-01
1.107743878342417054e-01
1.106871176832002202e-01
1.106012372513360542e-01
1.105167902751569148e-01
1.104340472462472800e-01
1.103524870640248262e-01
1.102719251287451740e-01
1.101929686359761351e-01
1.101154223579876162e-01
