1.000000000000000000e+00
4.912284691929620362e-01
3.467421890161057063e-01
2.738545662289329496e-01
2.309243033874212869e-01
2.035411354009356855e-01
1.850514168978174001e-01
1.719842174499668919e-01
1.623914612283167969e-01
1.550996155742707938e-01
1.493890366903195266e-01
1.448048821389284202e-01
1.410452800999005829e-01
1.379088932302844905e-01
1.352472824963474318e-01
1.329619040360080495e-01
1.309754911822350321e-01
1.292304355264867755e-01
1.276799453303721632e-01
1.262916370720453541e-01
1.250402803708767774e-01
1.239075933777810529e-01
1.228756887047477847e-01
1.219292010942623350e-01
1.210586774866679871e-01
1.202540849071962042e-01
1.195072522942572241e-01
1.188117267707571034e-01
1.181622994376130137e-01
1.175529962549905771e-01
1.169804666519281694e-01
1.164420132722143453e-01
1.159343785686109130e-01
1.154538525375242430e-01
1.149982832224975549e-01
1.145663184787802380e-01
1.141557639127789153e-01
1.137649076896541933e-01
1.133918735068063233e-01
1.130359213874672641e-01
1.126957614157117066e-01
1.123698219501579193e-01
1.120564641949144541e-01
1.117555146071505245e-01
1.114659534984888817e-01
1.111874780407385160e-01
1.109192847747371286e-01
1.106607308532061990e-01
1.104113641093018988e-01
1.101705537973523552e-01
1.099378037087805071e-01
1.097127546692834438e-01
1.094952772582468009e-01
1.092848146105234036e-01
1.090807827657907930e-01
1.088833835795398747e-01
1.086922277072269877e-01
1.085065538365309196e-01
1.083263581344522664e-01
1.081511454410395423e-01
1.079807166140309971e-01
1.078146303214375934e-01
1.076532867951521810e-01
1.074960981039058405e-01
1.073431836966765307e-01
1.071942642280991898e-01
1.070490013029345017e-01
1.069072170321282017e-01
1.067689483230400277e-01
1.066337421119720463e-01
1.065020248242013468e-01
1.063732673686917790e-01
1.062473272373741368e-01
1.061243124314975861e-01
1.060038436850957999e-01
1.058859566798774354e-01
1.057708388616935280e-01
1.056583186708878325e-01
1.055484271387156364e-01
1.054407692425009813e-01
1.053351839974196180e-01
1.052315773412122318e-01
1.051302649462723809e-01
1.050310936851340110e-01
1.049337052622217881e-01
1.048381131013447903e-01
1.047443281261758452e-01
1.046526133838408396e-01
1.045626472500568171e-01
1.044745570780487715e-01
1.043879766179306168e-01
1.043029300801321252e-01
1.042195204730248376e-01
1.041375239900009381e-01
1.040569224634905615e-01
1.039776835368794866e-01
1.038996741511135635e-01
1.038227534103829952e-01
1.037470030061430210e-01
1.036725196559784845e-01
